0.010754467161236228
0.010751009985264782
0.01073004551230748
0.010674604633811794
0.010567729645869595
0.010392468490256809
0.010131875012930119
0.0097690091850120443
0.0092869372863659469
0.008668732052321609
0.0078974727856215513
0.0069562454366938319
0.0058281426560040199
0.0044962638224933776
0.0029437150520854076
0.0011569087326316874
-0.00086452009539011456
-0.0036177114008797044
-0.0094949790007247837
-0.015906516331799531
-0.022845245327626343
-0.030304123019639789
-0.036697260875966115
-0.041386358658760891
-0.046351569438683689
-0.051589075231430588
-0.052007698147108747
-0.051482600514329659
-0.050933757563307182
-0.050359485108845178
-0.049761558540073053
-0.04914056989702744
-0.048495056513253552
-0.047827307815211516
-0.047136496249914048
-0.046423434062567021
-0.045688643078047375
-0.044932111694351295
-0.044154811524008908
-0.043356816933787998
-0.042538881112736356
-0.041701585861804641
-0.040845300163813908
-0.039971016218910242
-0.039079078527379442
-0.038170258377234492
-0.037245770298976667
-0.036304996526043014
-0.03535144761883742
-0.034382924760868148
-0.033402666692379929
-0.032410951751861115
-0.031406699061950996
-0.030395944219435658
-0.029375320929407353
-0.02834558057175534
-0.027313484234776159
-0.026274647329960828
-0.025229977143193288
-0.024187051886503632
-0.023141846262241854
-0.022094861603234997
-0.021050732587656166
-0.020011812423869943
-0.018975453943928376
-0.01794293922543394
-0.016920492902163325
-0.015907980244649515
-0.014903837266419057
-0.013909429888749471
-0.012928349814850916
-0.011965592385169532
-0.01101698022304641
-0.010083850272639971
-0.0091675333189486386
-0.0082714058905319215
-0.0074001278520199791
-0.0065495359768957227
-0.0057207963061010336
-0.0049150334505711595
-0.0041333236396077621
-0.0033789372744275794
-0.0026548300126448599
-0.0019574669248263428
-0.0012876225731416509
-0.00064599644318768341
-3.3208307062713389e-05
0.00055020591212427607
0.0011035560534549634
0.0016218884620123083
0.0021100626810659105
0.0025679317031440333
0.0029954412269136681
0.0033926304053015829
0.0037596320346705075
0.0040966721888735166
0.004404069303409976
0.0046822327151102459
0.0049292836922224378
0.0051475578607754601
0.0053386670757532978
0.0055033619938803739
0.0056424669221115014
0.0057568754185126098
0.0058475454947138489
0.0059154944678469386
0.0059617935133224392
0.0059875619713261564
0.005993961459658778
0.0059821898440324131
0.0059522638939062426
0.0059066960524760438
0.0058469664561872931
0.0057743504097752911
0.0056901278872408777
0.0055955776001091889
0.0054919712111372327
0.0053805677367676002
0.0052626081802063292
0.0051393104331999579
0.0050118644795052649
0.0048814279273245737
0.0047491218905455022
0.0046160518894258224
0.0044834387264189538
0.0043522681629311584
0.0042234717574141717
0.0040979288077248703
0.003976464459904786
0.0038598481963742471
0.0037487927073554445
0.0036439531469793286
0.0035459267714162647
0.0034552529510651605
0.0033733634797317056
0.003300002872325535
0.003235417229915459
0.0031799060100842266
0.0031337154242073017
0.0030970403126056823
0.003070026204054623
0.0030527715330461499
0.0030456910193749102
0.0030498716992217148
0.0030639331214967628
0.0030877904720579301
0.0031213244865251396
0.0031643842824546939
0.0032167902067441181
0.0032788679946112917
0.003351511228450758
0.0034328245008881072
0.0035225209333284318
0.0036202993662787183
0.0037258469381763826
0.0038399012447222795
0.0039623564285718119
0.0040915317148972966
0.0042270724516084756
0.0043686242660500941
0.0045169599711262672
0.0046718383088043668
0.0048315632797246537
0.0049957820990718669
0.0051643353298392045
0.0053388674053233137
0.0055167329540513309
0.0056976069960402581
0.0058815182560362188
0.0060697152542106454
0.0062598327773998276
0.0064515920731410227
0.0066459731147403668
0.0068422334682586312
0.0070391690281387236
0.0072371592422650483
0.0074366863862808871
0.0076360284094577277
0.0078354875716874998
0.0080356757129484042
0.0082349349734751106
0.008433843650343744
0.0086323851745537077
0.0088293743541710996
0.0090258532493703945
0.0092207507046325916
0.0094139243840425102
0.0096059137579824899
0.0097954789267665782
0.0099836079488542888
0.010169195764528818
0.01035266906806416
0.010533644011745452
0.010712023819690131
0.010887815801564598
0.011060688806923293
0.011230791417014269
0.011397768919167047
0.011561737125227262
0.011722455043313216
0.011879902259883739
0.012034020996291396
0.012184615462678494
0.012331819585261822
0.012475304845788515
0.012615277747314871
0.01275147271785099
0.012883890792624314
0.013012528863921749
0.013137244277540178
0.01325805220967074
0.013374886546211391
0.013487680545903658
0.013596406214936787
0.013701019751831175
0.013801477440222436
0.013897732237124217
0.013989733062315976
0.014077464603775668
0.014160888608874878
0.013993882019228972
0.013263803315419482
0.012576948801720769
0.011933692151391959
0.011334406997693433
0.010776624315272106
0.010240409118130383
0.0097515833987813633
0.009310539706592097
0.0089176705718345163
0.0085733684038026784
0.0082779783236449113
0.0080308989054173607
0.0078284455371872962
0.0076661734474410617
0.0075396365091627126
0.0074443872501257667
0.0073759768696140685
0.0073299552615311509
0.0073018710438071859
0.0072872926820096084
0.0072817510331388054
-0.0025752035872656665
-0.002594841996848004
-0.0027061827929652604
-0.0029967647171423176
-0.0035540842089812905
-0.0044656098372472374
-0.005818781938979261
-0.0077010123998654378
-0.010192108204646992
-0.013333188389575326
-0.017124361670852933
-0.021557407413006661
-0.026624144771236018
-0.032316433858964294
-0.038626175706946986
-0.045545312218821229
-0.053065826122341959
-0.061179740915318206
-0.069879120807176495
-0.085758894620946061
-0.10542994732335352
-0.12622353142502424
-0.14812411727058605
-0.1711162558144613
-0.1951845784501193
-0.21623413551692655
-0.22937398803059822
-0.24303118315808575
-0.25719816640990656
-0.27186742318578067
-0.28150743499966113
-0.28115558049724299
-0.28079293599057792
-0.28041966685177927
-0.28001081456528498
-0.27937838940158966
-0.27872969912833295
-0.27806500353030295
-0.27730496834594937
-0.27635532720884143
-0.27538489791101917
-0.27439402735422369
-0.27316428329074249
-0.27187173220708322
-0.27055483819658172
-0.26905544330416509
-0.26743282173607275
-0.26578275867619938
-0.26396277935612755
-0.2620102637007089
-0.26002799754644729
-0.25785670486715717
-0.25558196176308801
-0.25327591431452323
-0.25074300420604662
-0.24816030463844213
-0.24549750252951419
-0.24265972853211104
-0.23978888820435196
-0.23677459767698511
-0.23367255964125916
-0.23051529589849062
-0.22720857723074633
-0.2238691920746082
-0.22041717096408978
-0.21690093833938984
-0.21332539535589395
-0.20966008948462811
-0.20596414689759943
-0.20217835053623215
-0.19836151257077422
-0.1944905929431146
-0.19057896368021349
-0.18663341812764933
-0.18265139732551489
-0.17864383573556669
-0.17461380612097027
-0.17055926336625565
-0.16650023318382365
-0.16241947556268269
-0.15834291325928157
-0.15425381353199907
-0.15017160882878314
-0.14608964995724824
-0.1420131357421025
-0.13795145119056149
-0.13389106282488025
-0.12986052716779059
-0.12582556365245762
-0.12183492017825526
-0.11783339562334041
-0.11388940924557438
-0.10993308907743364
-0.10603560646860673
-0.10213239071290489
-0.098282122886643869
-0.094435270635661178
-0.090634783689816797
-0.086846094512020466
-0.083096875417025151
-0.079366864024124267
-0.075669410806724721
-0.071997474060503053
-0.068351399932803203
-0.064735973949819239
-0.061140118998776596
-0.057578825065796646
-0.05403137058234217
-0.050521149362058468
-0.047019731177424209
-0.043556965281676858
-0.040098783564335876
-0.036679409025742092
-0.033261332870260528
-0.029880940377015122
-0.026501942170761461
-0.023153533185811599
-0.019809787234937534
-0.016488851274415454
-0.013175506812038969
-0.0098784109382771164
-0.0065905318820392335
-0.0033137314469081983
-4.6368809935211537e-05
0.0032135249939654882
0.0064652645099909107
0.0097114224419011502
0.012952310299638227
0.016187628414186913
0.019422249220263386
0.022649298243321604
0.025881984608271673
0.029105582782544423
0.032337732313645076
0.035562471545328517
0.038794916390469988
0.042024399835085449
0.045258071553233345
0.048495439873687138
0.051730754081862396
0.054978610307561335
0.058215463728093116
0.061475793840908038
0.064721628224848324
0.067987669184747274
0.071246173892566489
0.074513662195214492
0.077785299506660174
0.081051922197043533
0.084336274699315511
0.087602313432181889
0.090895007983207154
0.09417118371073685
0.097456094853208955
0.10073992556758163
0.10401291735645134
0.10730076834248703
0.1105662101467777
0.1138448031502588
0.11710814809644124
0.12036222351215523
0.12361728583329279
0.12684698302836755
0.13008187996272422
0.13329451683998486
0.13648998928302039
0.13967664570057495
0.14283504145339232
0.1459803672832409
0.14910132390400707
0.15219367323509533
0.15526557368319677
0.15830654014832132
0.16131625101613514
0.16429430528826028
0.16724000260576893
0.17014572472154185
0.1730137601665804
0.17584816211397825
0.17863026619297093
0.18137163653398758
0.18407828244449495
0.18672055224016601
0.18931852115650699
0.19188090280943593
0.19437241741385064
0.19681061610030232
0.19921263781523788
0.20154975580995846
0.20381270924525008
0.20603921561860794
0.20822753414193412
0.21030124520421761
0.21233860531742263
0.21433920354642386
0.21626730309402356
0.21810403369820885
0.21990452976497366
0.22166840070102972
0.22334664525527798
0.22493879758529273
0.22649533140190978
0.22801587964528974
0.22947653624455169
0.23082143037149763
0.23213186731456015
0.23340750681182948
0.23464800877123379
0.23580744096770237
0.23687531153798974
0.23791015897865328
0.23891167320590057
0.2398795442481173
0.24081346223804603
0.23330876572150189
0.22444484479718335
0.21593833734059137
0.20779241482269573
0.20001024800470518
0.1925950070016714
0.18554986134304866
0.17871679949352787
0.17217595824478749
0.16602951459858578
0.16028075976803913
0.15493298462793684
0.14998947975961169
0.14545353549263385
0.14132844194317246
0.13761748904937679
0.13432396660353152
0.13145116428075282
0.12900237166464606
0.12698087827083457
0.12538997264302143
0.12422358751594344
0.12343446978895234
0.12295090419312299
0.12269738057111129
0.12259848637850088
-0.21676207732089675
-0.21677268242224906
-0.216808389222609
-0.21687285844015713
-0.21696572608267023
-0.21708662947220472
-0.21723520730878901
-0.2174110996695128
-0.21761394800739337
-0.21784339515005813
-0.21809908529820754
-0.2183806640238091
-0.21868777826820085
-0.21902007633984646
-0.2193772079120497
-0.2197588240203269
-0.22016457705966094
-0.22059412078154358
-0.22104711029085672
-0.22152320204249618
-0.22202205383787441
-0.22254332482123551
-0.22308667547574634
-0.2236517676194642
-0.22423826440109498
-0.22484583029559574
-0.22547413109959344
-0.2261228339266825
-0.22679160720249059
-0.22748012065962087
-0.22818804533247433
-0.22891505355181033
-0.22966081893928764
-0.23042501640174712
-0.23120732212539766
-0.23200741356983917
-0.2328249694619455
-0.23365966978967953
-0.23451119579558027
-0.23537922997034033
-0.23626345604610466
-0.23716355898968711
-0.23807922499567305
-0.23839271886901847
-0.23607098115632466
-0.23371333461583652
-0.23132053764877114
-0.22889334573207071
-0.22643251143697174
-0.22393878444811677
-0.22141291158285362
-0.21885563681059711
-0.21626770127272463
-0.21364984330264752
-0.21100279844589076
-0.20832729948077122
-0.20562407643904601
-0.20289385662688689
-0.20013736464600795
-0.19735532241511827
-0.19454844919150494
-0.19171746159274872
-0.1888630736188113
-0.18598599667413268
-0.18305520040696285
-0.18007498313628151
-0.17707377393506218
-0.17405228843150905
-0.17101123972098237
-0.16795133838967785
-0.1648732925384862
-0.16177780780695677
-0.15866558739739428
-0.15553733209914425
-0.15239374031298697
-0.14923550807563107
-0.14606332908443759
-0.14287789472200274
-0.139679894081157
-0.13647001398994651
-0.13324893903660778
-0.13001735159479963
-0.13121818665470777
-0.13365103766347361
-0.13609023422516706
-0.1385352720663299
-0.14098564847585998
-0.14344086228596403
-0.14590041385285862
-0.14836380503763272
-0.15083053918686934
-0.15330012111339453
-0.15577205707690589
-0.15824585476462921
-0.16072102327193608
-0.16319707308300152
-0.16567351605127992
-0.16814986538023793
-0.17062563560385657
-0.17311014278182676
-0.17559345593600978
-0.17807473305220595
-0.18055349182069369
-0.18302925117044597
-0.18550153124958488
-0.1879698534060773
-0.19043374016829576
-0.19289271522567081
-0.19534630340945638
-0.19779403067333626
-0.20023542407433145
-0.20267001175351088
-0.20509732291691923
-0.20751688781645264
-0.20992823773090841
-0.21233098858339544
-0.21472757648430443
-0.21711453687519042
-0.21949140435717607
-0.22185771446530508
-0.22421300364996644
-0.22655680925834515
-0.22888866951595327
-0.23120812350831577
-0.23351471116263128
-0.23580797322969932
-0.23808745126580066
-0.24035268761472761
-0.24260322538996038
-0.24483860845695191
-0.24705838141544242
-0.2492620895820048
-0.25144927897266717
-0.25361949628565406
-0.25189056744629185
-0.24969673370706491
-0.24752173383258275
-0.2453660310049991
-0.24323008779190344
-0.24111436616337467
-0.23901932750851207
-0.23694543265209608
-0.234893141870954
-0.23286291491013958
-0.23085521099904072
-0.22887048886720487
-0.22690920676007159
-0.22497182245444158
-0.22305879327385203
-0.22117057610367574
-0.2193076274061283
-0.21747040323494718
-0.21565935924997012
-0.21387495073153071
-0.21211763259451041
-0.21003015848411599
-0.20750049423874006
-0.20501312510297331
-0.20256872533288489
-0.20016796874172946
-0.19781152871889995
-0.19550007824868379
-0.19323428992877498
-0.19101483598800006
-0.18884238830421274
-0.18671761842150264
-0.18464119756700656
-0.18261379666767735
-0.18063608636613326
-0.17870873703673024
-0.17683241880068487
-0.17500780154119161
-0.17323555491798798
-0.17151634838148341
-0.16985085118643872
-0.16823973240544046
-0.16668366094173254
-0.16518330554165739
-0.16373933480673541
-0.16235241720534271
-0.16102322108365641
-0.15975241467660606
-0.15854066611792728
-0.15738864345007164
-0.15629701463343162
-0.15526644755524815
-0.15429761003794842
-0.15339116984712292
-0.15254779469870788
-0.15176815226617577
-0.15105291018668743
-0.15040273606716184
-0.14981829748958919
-0.14930026201597965
-0.1488492971925979
-0.14846607055395508
-0.148151249626022
-0.14790550192894009
-0.14772949497947743
-0.14762389610638166
0.0
